7-ми 11-ти километър
-
-	
182 298
2 048	
324 152
2 594	2 594
Банишора
120 255
2 796	
170 361
2 505	
257 678
2 375	2 470
Белите брези
182 889
4 207	
238 005
3 382	
321 183
3 062	3 088
Бенковски
-
-	
-
-	
171 723
1 987	1 987
Борово
180 383
3 221	
211 449
2 879	
276 688
2 983	2 861
Ботунец
-
-	
73 155
1 102	
115 231
1 487	1 228
Ботунец 2
55 116
1 224	
65 128
1 228	
102 066
1 009	1 190
Бояна
140 113
2 393	
210 447
2 699	
351 748
2 694	2 690
Бъкстон
127 771
4 208	
200 426
2 815	
270 575
2 505	2 505
Витоша
104 501
2 353	
196 828
2 719	
310 660
2 695	2 701
Военна рампа
-
-	
175 323
2 233	
-
-	2 233
Враждебна
-
-	
137 592
1 810	
200 426
1 908	1 897
Връбница 1
98 710
2 174	
143 484
2 344	
196 117
2 049	2 229
Връбница 2
115 195
2 774	
149 593
2 400	
214 456
1 960	2 142
Гевгелийски
145 309
3 632	
127 771
2 734	
240 311
2 883	2 907
Гео Милев
162 345
3 452	
243 017
3 482	
300 639
3 494	3 444
Горна баня
79 619
2 438	
177 196
2 301	
237 705
2 233	2 210
Горубляне
87 185
1 747	
156 211
2 063	
218 264
1 803	2 092
Гоце Делчев
297 633
3 006	
222 258
3 278	
350 746
2 914	3 006
Градина
-
-	
195 002
2 527	
235 100
2 527	2 527
Дианабад
148 315
3 198	
289 841
3 398	
354 753
3 084	3 149
Докторски паметник
196 417
3 928	
345 735
4 871	
455 970
4 660	5 178
Драгалевци
185 394
2 809	
230 490
2 752	
348 741
2 641	2 699
Дружба 1
132 281
2 619	
172 366
2 505	
221 495
2 004	2 335
Дружба 2
119 358
2 003	
165 832
2 227	
285 607
2 426	2 307
Дървеница
189 402
4 208	
187 899
2 750	
260 454
2 358	2 499
Експериментален
97 875
1 747	
120 205
1 779	
135 282
1 897	1 726
Западен парк
107 428
2 977	
156 332
2 675	
175 373
2 474	2 580
Захарна фабрика
-
-	
120 245
2 588	
199 273
2 264	2 354
Зона Б-18
140 338
2 985	
191 407
2 564	
325 691
2 605	2 598
Зона Б-19
120 294
2 038	
121 180
2 032	
212 591
2 022	2 025
Зона Б-5
150 319
3 006	
195 415
2 726	
306 802
2 767	2 732
Зона Б-5-3
140 338
2 985	
250 533
3 515	
396 325
3 187	3 187
Иван Вазов
218 965
5 474	
288 112
3 976	
397 845
4 225	4 081
Изгрев
-
-	
288 112
3 961	
526 119
4 322	4 632
Изток
125 266
3 966	
283 102
4 167	
380 309
3 728	3 941
Илинден
103 820
3 460	
186 396
2 505	
215 458
2 501	2 505
Илиянци
-
-	
-
-	
210 447
1 753	1 753
Карпузица
99 211
2 307	
180 373
2 291	
241 012
2 166	2 218
Княжево
140 177
2 416	
174 587
2 300	
232 023
2 294	2 292
Красна поляна 1
110 234
2 396	
139 246
2 364	
187 712
2 307	2 299
Красна поляна 2
-
-	
137 256
2 767	
188 400
1 986	2 109
Красна поляна 3
129 224
2 812	
125 266
2 622	
200 425
2 124	2 451
Красно село
132 870
2 642	
194 052
2 799	
325 158
2 673	2 752
Кремиковци
-
-	
80 170
1 636	
-
-	1 636
Кръстова вада
136 289
3 028	
227 834
3 072	
350 746
2 998	3 013
Лагера
159 339
3 464	
200 425
2 978	
300 639
2 760	2 765
Левски
122 305
1 904	
136 604
1 798	
202 702
1 805	1 801
Левски В
120 285
1 995	
147 764
1 928	
188 725
1 681	1 714
Левски Г
85 181
1 738	
131 605
2 019	
199 374
1 966	1 980
Летище София
49 104
1 141	
-
-	
348 627
2 526	1 834
Лозенец
112 238
3 206	
290 856
3 836	
439 160
3 791	3 659
Люлин - център
77 164
2 572	
149 534
1 898	
240 511
1 878	1 859
Люлин 1
68 144
2 605	
120 809
1 885	
150 319
1 867	2 037
Люлин 10
82 941
1 752	
141 673
1 753	
200 426
2 034	1 769
Люлин 2
90 502
1 852	
152 508
2 037	
190 399
1 920	1 869
Люлин 3
115 245
2 561	
140 298
2 226	
177 277
2 095	2 158
Люлин 4
109 983
2 574	
143 805
2 307	
195 304
1 896	2 104
Люлин 5
96 204
2 379	
135 287
1 823	
200 891
1 709	1 754
Люлин 6
100 684
2 333	
135 287
1 834	
189 402
1 687	1 797
Люлин 7
89 139
2 565	
144 051
2 312	
208 443
1 993	2 139
Люлин 8
116 497
2 484	
126 446
2 099	
212 051
2 056	2 058
Люлин 9
104 221
2 296	
149 818
2 304	
174 070
1 804	2 006
Малашевци
-
-	
-
-	
159 339
1 831	1 831
Малинова долина
102 468
2 332	
165 351
2 304	
249 530
2 195	2 215
Манастирски ливади
167 431
2 993	
216 445
2 945	
325 692
2 685	2 698
Медицинска академия
274 513
3 935	
255 543
3 619	
370 788
3 728	3 587
Младост 1
135 287
3 198	
180 383
2 775	
259 329
2 525	2 598
Младост 1А
119 253
2 592	
200 418
2 792	
305 650
2 493	2 504
Младост 2
127 421
3 081	
189 402
2 673	
282 360
2 560	2 579
Младост 3
135 287
3 006	
183 841
2 642	
349 744
3 042	2 922
Младост 4
140 298
2 864	
183 302
2 730	
260 153
2 252	2 259
Модерно предградие
75 861
1 458	
118 931
1 602	
161 543
1 503	1 555
Мусагеница
-
-	
222 473
3 340	
315 671
2 893	2 893
НПЗ Искър
-
-	
-
-	
-
-	2 505
НПЗ Хаджи Димитър
-
-	
140 549
2 490	
238 582
2 168	2 213
Надежда 1
114 243
2 538	
141 556
2 283	
205 749
2 143	2 283
Надежда 2
132 280
2 872	
150 318
2 296	
223 465
2 197	2 295
Надежда 3
107 228
2 898	
160 341
2 505	
200 426
2 343	2 357
Надежда 4
112 940
2 509	
145 309
2 168	
240 511
2 122	2 168
Обеля
98 208
2 182	
115 245
1 910	
169 736
1 736	1 759
Обеля 1
93 448
2 319	
128 773
2 229	
175 373
2 176	2 147
Обеля 2
127 260
2 693	
127 270
2 002	
172 641
1 897	1 969
Оборище
152 825
3 470	
255 868
4 061	
377 302
3 465	3 584
Овча купел
93 452
2 182	
160 341
2 243	
250 413
2 145	2 155
Овча купел 1
130 277
3 101	
147 261
2 202	
214 688
1 837	2 019
Овча купел 2
125 466
2 780	
147 953
2 147	
210 447
1 959	2 004
Орландовци
110 234
2 396	
121 759
1 870	
195 431
1 815	1 878
ПЗ Хладилника
-
-	
350 746
4 060	
566 560
3 397	3 625
Павлово
141 728
2 470	
187 398
2 338	
300 638
2 603	2 586
Подуяне
130 277
3 155	
177 377
2 517	
290 618
2 493	2 503
Полигона
142 703
3 031	
207 478
2 611	
320 682
2 417	2 539
Разсадника
110 233
2 296	
169 360
2 505	
243 017
2 261	2 341
Редута
134 786
3 029	
225 479
3 075	
329 200
2 877	2 882
СПЗ Модерно предградие
-
-	
135 287
2 081	
-
-	2 081
Света Троица
135 287
2 878	
155 330
2 522	
248 528
2 569	2 569
Свобода
105 223
2 338	
142 297
2 254	
220 368
2 346	2 327
Сердика
91 194
2 345	
167 571
2 389	
310 592
2 402	2 387
Симеоново
139 677
2 643	
197 916
2 512	
374 534
2 658	2 642
Славия
-
-	
173 168
2 404	
269 573
2 438	2 433
Слатина
138 294
2 609	
203 432
2 487	
242 515
2 471	2 574
Стрелбище
193 441
2 887	
230 473
3 068	
353 487
3 018	3 096
Студентски град
128 272
2 826	
179 877
2 621	
267 569
2 332	2 450
Сухата река
130 277
3 256	
165 251
2 422	
254 591
2 384	2 437
Суходол
80 987
1 846	
116 748
1 947	
160 291
1 860	1 863
Толстой
106 726
2 371	
134 781
2 232	
187 899
2 299	2 264
Триъгълника
120 155
2 503	
157 835
2 505	
243 017
2 505	2 505
Филиповци
-
-	
-
-	
180 383
1 555	1 555
Фондови жилища
-
-	
140 198
2 210	
195 415
2 153	2 210
Хаджи Димитър
128 773
2 586	
161 343
2 445	
283 979
2 465	2 445
Хиподрума
-
-	
227 734
3 127	
328 198
3 028	2 980
Хладилника
-
-	
285 474
3 397	
425 901
3 386	3 384
Христо Ботев
-
-	
60 126
791	
-
-	791
Център
166 454
3 618	
245 522
3 587	
345 735
3 386	3 395
Яворов
170 362
4 259	
287 611
4 292	
375 799
4 402	4 402
в.з.Американски колеж
-
-	
278 993
3 225	
432 921
3 205	3 202
в.з.Беловодски път
-
-	
199 424
2 976	
-
-	2 976
в.з.Бункера
-
-	
173 168
2 405	
264 562
2 405	2 405
в.з.Врана - Лозен
-
-	
-
-	
249 530
2 422	1 762
в.з.Киноцентъра
-
-	
220 764
3 094	
388 326
2 885	2 749
в.з.Киноцентъра 3 част
-
-	
148 065
2 013	
330 462
2 480	2 109
в.з.Малинова долина
-
-	
216 462
2 742	
448 153
2 909	2 811
в.з.Малинова долина - Герена
-
-	
226 222
3 016	
313 378
3 097	3 097
в.з.Симеоново - Драгалевци
-
-	
300 638
4 277	
464 678
3 661	3 182
гр. Банкя
68 144
2 271	
168 825
2 003	
266 466
2 335	2 182
гр. Бухово
-
-	
56 570
1 181	
-
-	1 181
гр. Нови Искър
-
-	
117 249
1 781	
178 379
1 731	1 760
ж.гр.Зоопарк
-
-	
214 055
2 892	
250 533
2 319	2 319
ж.гр.Южен парк
-
-	
425 906
5 323	
435 927
4 008	4 225
м-т Гърдова глава
133 878
2 416	
171 665
2 310	
278 592
2 567	2 426
м-т Детски град
-
-	
210 247
2 841	
261 243
2 419	2 323
м-т Камбаните
152 589
3 053	
236 202
3 001	
327 672
2 705	2 705
с. Бистрица
-
-	
185 273
2 395	
304 631
2 289	2 294
с. Владая
70 195
1 897	
108 340
1 754	
161 991
1 752	1 756
с. Волуяк
-
-	
-
-	
-
-	1 101
с. Герман
-
-	
171 483
2 193	
250 277
2 182	2 022
с. Долни Пасарел
-
-	
75 159
1 473	
-
-	1 473
с. Иваняне
-
-	
204 314
2 722	
284 314
2 334	2 722
с. Казичене
85 181
2 028	
126 268
1 505	
-
-	1 567
с. Лозен
117 799
1 961	
158 963
1 994	
244 059
1 999	1 994
с. Мало Бучино
-
-	
-
-	
130 266
1 173	1 173
с. Мировяне
-
-	
100 213
2 004	
-
-	2 004
с. Панчарево
-
-	
195 365
3 006	
294 797
2 516	2 549
с. Световрачене
-
-	
124 665
1 903	
-
-	1 903
